1.25 1 1.2 1.2 1.5 1.5 1.2 2.5 2 1.7 1 1 1 1.5 2.5 1.8 1 1 1 1 
1.1 9e-005 1.8 1.4 
1.1 0.00011 1.8 1.4 
1.2 0.0001 1.8 1.4 
1.2 0.00012 1.8 1.4 
1.3 9e-005 1.9 1.5 
1.3 0.00011 1.9 1.5 
1.3 9e-005 1.95 1.6 
1.8 0.0001 2 1.75 
1.8 7e-005 2 1.75 
1.4 0.0007 1.9 1.5 
1.1 3e-005 1.9 1.5 
1.15 4e-005 1.9 1.5 
1.2 5e-005 1.9 1.5 
1.5 8e-005 2 1.75 
1.7 0.00025 1.8 1.4 
1.4 7e-005 2 1.75 
1 0.0001 1.8 1.4 
1 0.0001 1.8 1.4 
1 0.0001 1.8 1.4 
1 0.0001 1.8 1.4 
0 1 0.003 -1 
0 1 0.003 0.1 
0 1.1 0.004 -1 
0 1.1 0.004 0.12 
0 1.3 0.006 -0.8 
0 1.3 0.006 0.15 
0 1.3 0.008 -0.8 
0 1 0.01 -2 
0.003 1.3 0 0 
0.003 1.4 0 0 
0.005 1.2 0 0 
0.005 1.2 0 0 
0.008 1.2 0 0 
0.003 1.2 0.01 -2 
0.017 1.3 0.008 0.1 
0.01 1.2 0.005 0.2 
0 0 0 0 
0 0 0 0 
0 0 0 0 
0 0 0 0 
0.75 0.9 
0.75 0.9 
0.75 0.9 
0.75 0.9 
0.75 0.9 
0.75 0.9 
0.75 0.9 
0.75 1.5 
0.75 1.2 
0.75 1.1 
0.75 0.9 
0.75 0.9 
0.75 0.9 
0.75 0.9 
0.75 0.9 
0.75 0.9 
0 0 
0 0 
0 0 
0 0 
1 0 0 0 0.03 0.17 
1 0 0 0.01 0.03 0.17 
1 0 0 0 0.03 0.17 
1 0 0 0.01 0.03 0.17 
1 0 0 0 0.03 0.17 
1 0 0 0.01 0.03 0.17 
1 0 0 0 0.03 0.17 
0 0 0 0 0.03 0.17 
1 0 0.005 0.01 0.03 0.17 
1 0 0.005 0.01 0.03 0.17 
1 0 0.006 0.01 0.03 0.17 
1 0 0.006 0.01 0.03 0.17 
1 0 0.002 0.005 0.03 0.17 
1 0 0.006 0.01 0.03 0.17 
1 0 0.001 0.004 0.03 0.17 
1 0 0.004 0.01 0.03 0.17 
1 0 0 0.01 0.03 0.17 
1 0 0 0.01 0.03 0.17 
1 0 0 0.01 0.03 0.17 
1 0 0 0.01 0.03 0.17 
40 60 30 60 20 40 20 12 100 100 120 120 120 20 120 60 0 0 0 0 
0.002 0.001 0.0003
1 0 1.01 0 1.02 0 1.02 0 0 0 0 0 1 0 1 0 0 0 0 0 
1 1 0.5 0.5 0.2 0.2 0.5 1.5 2 2 0.14 0.14 0.02 0.05 0.002 0.01 0 0 0 0 
0.22 0.015 
12 20 8 20 8 20 4 3 40 40 120 120 20 4 8 12 0 0 0 0 
0.05 0.05 0.05 0.05 0.05 0.05 0.2 0.2 0 0 0 0 0.1 0.2 0 0 0 0 0 0 
0.9 0.9 0.9 0.9 0.6 0.9 0.95 0.9 0.9 0.9 0.2 0.2 0.9 1 1 0.8 0 0 0 0 
0.6 0.4 0.4 0.4 0.6 0.6 0.4 0.6 0.4 0.3 0.3 0.3 0.4 0.5 0.4 0.6 0.5 0.5 0.5 0.5 
0.1 0.5 0.1 0.5 0.1 0.5 0.1 0 0.2 0.2 0.9 0.2 0.1 0.5 0 .3 0 0 0 0
2 2 1.5 1.5 0.9 0.9 0.9 0.9 1 1 1.5 1.5 1 0.7 1 0.8 1 1 1 1 
1 0.4 1 0.3 1 0.1 1 1 0.4 0.2 1 0.6 1 0.5 1 1 1 1 1 1 
0.1 0.2 0.1 0.2 0.1 0.2 0.1 0.4 0.3 0.3 0.3 0.3 0.1 0.1 0.05 0.3 0.2 0.2 0.2 0.2 
0.75 0.25 0.7 0.3 0.65 0.35 1 1 1 1 0.8 0.2 0.35 0.15 0.2 0.3 0 0 0 0 
0.5 0.5 0.4 0.4 0.3 0.3 0 0 0 0 0.5 0.5 0.2 0.2 0.2 0.2 0 0 0 0 
0.2
0.2 0.4 -0.5 -0.7 
0.2 0.4 -0.5 -0.7 
0.15 0.4 -0.6 -0.7 
0.15 0.4 -0.6 -0.7 
0.15 0.3 -0.7 -0.8 
0.15 0.3 -0.7 -0.8 
0.2 0.3 -0.5 -0.7 
0.15 0.3 -0.9 -1 
0.15 0.4 -0.5 -1 
0.2 0.4 -0.4 -0.8 
0.25 0.4 -0.3 -0.6 
0.2 0.4 -0.3 -0.6 
0.25 0.3 -0.3 -0.7 
0.2 0.3 -0.4 -0.8 
0.2 0.3 -0.2 -0.9 
0.15 0.4 -0.2 -0.9 
0 0 0 0 
0 0 0 0 
0 0 0 0 
0 0 0 0 
0.5 0.5 0.5 0.5 0.5 0.5 0.5 0.5 0.4 0.5 0.5 0.7 0.7 0.7 0.7 0.5 0.7 0.5 0.5 0.5 
0.7 0.7 0.7 0.7 0.7 0.7 0.8 0.8 0.8 0.8 0.5 0.5 0.5 0.5 0.5 0.5 0.5 0.5 0.5 0.5 
0.3 0.3 0.3 0.3 0.3 0.3 0.4 0.3 0.3 0.3 0.3 0.4 0.4 0.3 0.3 0.3 0.3 0.3 0.3 0.3 
0 1.5 0 1 0 
0 1.5 0 1 0 
1 1.5 0.8 1 0 
1 1.5 0.8 1 0 
1.2 1.2 1.4 0.8 0 
1.2 1.2 1.4 0.8 0 
1 1.1 1 0.8 0 
1 1.1 1 0.8 0 
1 1 1 1 0 
1 1 1 1 0 
1.2 1 1.2 0.5 0 
1.2 1 1.2 0.5 0 
1.2 1 1.2 0.5 0 
1.2 1 1.2 0.5 0 
1 1 1 1 0 
1.2 1 1.2 0.5 0 
1 1.5 1 1 0 
1 1.5 1 1 0 
1 1.5 1 1 0 
1 1.5 1 1 0 
0.5 0.5 0.5 0.5 0.5 0.5 0.5 0.5 0.5 0.5 0.5 0.5 0.5 0.5 0.5 0.5 0.5 0.5 0.5 0 
1 1 1 1 1.1 1.1 1.2 1.2 1.2 1.2 1 1 1 1 1 1 1 1 1 0 
-0.5 -0.3 -0.2 
-0.5 -0.3 -0.2 
-0.5 -0.3 -0.2 
-0.5 -0.3 -0.2 
-0.5 -0.3 -0.2 
-0.5 -0.3 -0.2 
-0.5 -0.3 -0.2 
-0.5 -0.3 -0.2 
-0.5 -0.3 -0.2 
-0.5 -0.3 -0.2 
-0.5 -0.3 -0.2 
-0.5 -0.3 -0.2 
-0.5 -0.3 -0.2 
-0.5 -0.3 -0.2 
-0.5 -0.3 -0.2 
-0.5 -0.3 -0.2 
-0.5 -0.3 -0.2 
-0.5 -0.3 -0.2 
-0.5 -0.3 -0.2 
-0.5 -0.3 -0.2 
0.4 0.3 0.2 
0.4 0.3 0.2 
0.4 0.3 0.2 
0.4 0.3 0.2 
0.4 0.3 0.2 
0.4 0.3 0.2 
0.4 0.3 0.2 
0.4 0.3 0.2 
0.4 0.3 0.2 
0.4 0.3 0.2 
0.1 0.15 0.2 
0.1 0.15 0.2 
0.4 0.3 0.2 
0.4 0.3 0.2 
0.4 0.3 0.2 
0.4 0.3 0.2 
0.4 0.3 0.2 
0.4 0.3 0.2 
0.4 0.3 0.2 
0.4 0.3 0.2 
0 0.4 1 
0 0.4 1 
0 0.4 1 
0 0.4 1 
0 0.4 1 
0 0.4 1 
0 0.4 1 
0 0.4 1 
0 0.4 1 
0 0.4 1 
0 0.4 1 
0 0.4 1 
0 0.4 1 
0 0.4 1 
0 0.4 1 
0 0.4 1 
0 0.4 1 
0 0.4 1 
0 0.4 1 
0 0.4 1 
1 1 1 
1 1 1 
1 1 1 
1 1 1 
1 1 1 
1 1 1 
1 1 1 
1 1 1 
1 1 1 
1 1 1 
1 1 1 
1 1 1 
1 1 1 
1 1 1 
1 1 1 
1 1 1 
1 1 1 
1 1 1 
1 1 1 
1 1 1 
-1.2 -1.1 -0.9 
-1.2 -1.1 -0.9 
-1.2 -1.1 -0.9 
-1.2 -1.1 -0.9 
-1.2 -1.1 -0.9 
-1.2 -1.1 -0.9 
-1.2 -1.1 -0.9 
-1.2 -1.1 -0.9 
-1.2 -1.1 -0.9 
-1.2 -1.1 -0.9 
-1.2 -1.1 -0.9 
-1.2 -1.1 -0.9 
-1.2 -1.1 -0.9 
-1.2 -1.1 -0.9 
-1.2 -1.1 -0.9 
-1.2 -1.1 -0.9 
-1.2 -1.1 -0.9 
-1.2 -1.1 -0.9 
-1.2 -1.1 -0.9 
-1.2 -1.1 -0.9 
1.1 1.25 
1.1 1.25 
1.1 1.25
1.1 1.25 
1.1 1.25 
1.1 1.25 
1.1 1.25 
1.1 1.25 
1.1 1.25 
1.1 1.25 
1.1 1.25 
1.1 1.25 
1.1 1.25 
1.1 1.25 
1.1 1.25 
1.1 1.25 
1.1 1.25 
1.1 1.25 
1.1 1.25 
1.1 1.25 
1
0.5 0.5 0.5 0.5 0.5 0.5 0.5 0.5 0.5 0.5 0.5 0.5 0.5 0.5 0.5 0.5 0.5 0.5 0.5 0.5 
0.5 0.5 0.5 0.5 0.5 0.5 0.5 0.5 0.5 0.5 0.5 0.5 0.5 0.5 0.5 0.5 0.5 0.5 0.5 0.5 
8 8 8 8 8 8 8 8 8 8 8 8 8 8 8 8 8 8 8 8 
0.02 0.098
0.35 0.35 0.25 0.25 0.2 0.2 0.2 0.2 0.25 0.25 0.2 0.2 0.2 0.2 0.2 0.2 
25
0.1 0.1 0.1 0.1 0.1 0.1 0.1 0.1 0.1 0.1 0.1 0.1 0.1 0.1 0.1 0.1 
0.45 0.45 0.45 0.45 0.45 0.45 0.45 0.45 0.45 0.45 0.45 0.45 0.45 0.45 0.45 0.45 
0.9 0.9 0.9 0.9 0.9 0.9 0.9 0.9 0.9 0.9 0.9 0.9 0.9 0.9 0.9 10.9 
0.000625 1200
0.00025 0.00015 0.00015 0.00035 0.00035 111.00035